1 0.5360576923076923 0.8112980769230769 0.040865384615384616 0.04326923076923077
1 0.12620192307692307 0.7151442307692307 0.037259615384615384 0.046875
1 0.125 0.8173076923076923 0.037259615384615384 0.052884615384615384
1 0.6670673076923077 0.7067307692307693 0.046875 0.04326923076923077
1 0.8533653846153846 0.7644230769230769 0.05048076923076923 0.046875
1 0.6081730769230769 0.765625 0.037259615384615384 0.037259615384615384
1 0.2980769230769231 0.7908653846153846 0.046875 0.037259615384615384
1 0.3173076923076923 0.7439903846153846 0.037259615384615384 0.040865384615384616
1 0.19230769230769232 0.7956730769230769 0.046875 0.04326923076923077
1 0.7824519230769231 0.8052884615384616 0.040865384615384616 0.03485576923076923
1 0.296875 0.8786057692307693 0.046875 0.040865384615384616
1 0.4098557692307692 0.9158653846153846 0.046875 0.037259615384615384
1 0.4182692307692308 0.8533653846153846 0.05048076923076923 0.03485576923076923
1 0.5793269230769231 0.9266826923076923 0.056490384615384616 0.046875
0 0.5721153846153846 0.8581730769230769 0.046875 0.037259615384615384
0 0.7199519230769231 0.84375 0.052884615384615384 0.04326923076923077